25 270
18 17
17 7
7 9
9 21
21 0
0 16
16 20
20 19
19 1
1 11
11 23
23 3
3 8
8 22
22 12
12 14
14 6
6 24
24 13
13 4
4 10
10 5
5 15
15 2
2 18
8 18
2 12
7 16
23 15
22 24
10 11
13 12
24 15
15 13
21 16
5 0
10 16
19 23
20 22
10 17
21 18
11 6
9 2
0 2
3 6
7 21
18 5
8 12
0 1
2 22
24 17
17 14
10 21
21 4
24 3
9 20
13 10
10 14
6 16
2 7
15 4
19 4
0 19
14 1
22 16
19 18
11 16
5 12
9 14
6 12
18 6
22 18
4 17
8 16
24 21
23 18
8 19
16 17
13 22
21 6
4 8
24 14
23 1
19 10
9 16
1 10
15 17
16 14
5 3
21 22
15 12
13 23
11 15
11 0
24 19
24 2
13 8
9 0
4 2
5 14
6 5
15 1
4 16
17 19
12 0
13 2
13 17
5 4
6 20
23 17
5 21
22 10
7 1
11 13
9 3
4 0
14 13
3 18
12 18
18 24
0 23
6 1
10 23
4 3
8 15
21 15
20 12
13 0
0 17
20 21
15 19
10 20
22 17
15 20
19 13
2 21
24 8
22 5
6 15
9 12
11 3
10 8
22 15
7 19
7 15
22 7
23 16
22 0
5 7
4 6
1 17
1 16
2 11
4 20
18 9
12 17
5 19
2 6
18 1
22 11
11 14
1 4
8 17
8 1
12 3
10 0
11 9
21 1
7 18
7 6
23 7
19 9
18 11
14 2
0 14
21 13
9 15
23 6
15 18
4 9
13 9
17 9
0 6
4 7
2 19
16 2
9 6
16 5
2 20
19 3
12 10
7 0
0 3
16 24
24 11
17 3
18 16
7 10
21 11
0 18
8 5
21 8
12 23
24 5
17 20
6 22
21 19
7 11
6 10
1 5
12 7
13 5
5 23
17 2
3 20
0 8
3 2
13 6
13 20
21 14
19 22
6 8
1 12
23 8
1 20
18 20
2 10
17 5
11 8
2 1
5 11
13 1
20 14
20 8
21 17
3 7
3 22
16 15
24 10
24 7
23 9
14 8
24 0
7 14
4 18
11 17
5 9
7 13
0 15
15 3
20 0
13 18
10 3
21 3
16 3
3 1
19 6
2 5
12 21
12 16
7 8
20 23
15 10
14 4
20 5
12 11
7 20
23 21
9 24
4 24
